pbanka_id	Gene	Barcodes	Pb_HC9_Pilotscreen_1__HC22_ t1_r1	Pb_HC9_Pilotscreen_2_PG22_ t2_r1	Pb_HC9_Pilotscreen_3__HC22_ d0_mf1_r1	Pb_HC9_Pilotscreen_4__HC22_ d0_mf2_r1	Pb_HC9_Pilotscreen_5_PG22_ d0_mf1_r1	Pb_HC9_Pilotscreen_6_PG22_ d0_mf2_r1	Pb_HC9_Pilotscreen_7__HC22_ d14_mf1_r1	Pb_HC9_Pilotscreen_8__HC22_ d14_mf2_r1	Pb_HC9_Pilotscreen_9__HC22_ d14_mf3_r1	Pb_HC9_Pilotscreen_10__HC22_ d14_mf4_r1	Pb_HC9_Pilotscreen_11__PG22_ d14_mf1_r1	Pb_HC9_Pilotscreen_12__PG22_ d14_mf2_r1	Pb_HC9_Pilotscreen_13__PG22_ d14_mf3_r1	Pb_HC9_Pilotscreen_14__PG22_ d14_mf4_r1	Pb_HC9_Pilotscreen_15__HC22_ t1_r2	Pb_HC9_Pilotscreen_16_PG22_ t2_r2	Pb_HC9_Pilotscreen_17__HC22_ d0_mf1_r2	Pb_HC9_Pilotscreen_18__HC22_ d0_mf2_r2	Pb_HC9_Pilotscreen_19_PG22_ d0_mf1_r2	Pb_HC9_Pilotscreen_20_PG22_ d0_mf2_r2	Pb_HC9_Pilotscreen_21__HC22_ d14_mf1_r2	Pb_HC9_Pilotscreen_22__HC22_ d14_mf2_r2	Pb_HC9_Pilotscreen_23__HC22_ d14_mf3_r2	Pb_HC9_Pilotscreen_24__HC22_ d14_mf4_r2	Pb_HC9_Pilotscreen_25__PG22_ d14_mf1_r2	Pb_HC9_Pilotscreen_26__PG22_ d14_mf2_r2	Pb_HC9_Pilotscreen_27__PG22_ d14_mf3_r2	Pb_HC9_Pilotscreen_28__PG22_ d14_mf4_r2
PBANKA_131800	PBANKA_131800|PbGEM-105530	CGCCCTGTTTG	4185.5	2759.0	4410.0	3919.0	1806.0	4290.5	8066.5	5812.5	5948.0	4274.5	1244.5	2191.5	1625.5	695.5	3480.0	4365.5	4015.5	2625.0	1147.5	2037.0	10709.5	5682.5	3165.5	3232.0	561.5	2335.0	2724.5	1712.5
PBANKA_093370	PBANKA_093370|PbGEM-111778|PbGEM-112363|PbGEM-646718	GAGTAGATCTG	8458.5	5496.5	12471.5	12507.0	35381.0	21024.5	8.0	8.5	23.0	45.0	12.5	11.0	4.5	10.5	7569.5	9096.5	13108.5	9214.5	24830.0	11240.5	28.0	8.0	12.5	23.5	6.5	21.0	12.5	26.5
PBANKA_101980	PBANKA_101980|PbGEM-096658|PbGEM-263460|PbGEM-528098|PbGEM-528239|PbGEM-528380|PbGEM-645791	GCGTGGAGGCA	11052.5	7840.5	1317.0	2731.5	2085.5	6883.5	2465.5	1940.5	2320.0	3657.5	5141.5	5129.0	2842.0	3705.0	8973.5	12383.0	1236.5	2236.0	1430.5	3813.0	2750.0	1817.0	1625.0	2414.5	2970.5	7243.0	5166.5	8237.5
PBANKA_134380	PBANKA_134380|PbGEM-107421|PbGEM-059126	ACATCAGAAAG	19174.0	7465.5	18074.0	13147.0	19858.0	17691.0	29596.5	35657.5	27781.5	23950.0	32072.0	31778.0	11441.5	30475.0	14708.5	12602.0	20220.5	9403.5	14802.5	9701.5	42716.0	35660.0	19141.0	17456.5	18994.5	44426.5	20983.5	58888.5
PBANKA_131510	PBANKA_131510|PbGEM-105284|PbGEM-055230	AGCTGGAGTTT	21102.5	12760.0	51015.5	60236.5	294.5	3391.5	99169.0	113324.5	156080.5	157981.5	79.5	148.5	1551.0	159.5	16639.0	20580.5	52967.5	46460.0	134.5	2087.0	146558.5	110678.5	109622.5	119989.5	74.5	126.5	3006.5	179.0
PBANKA_100640	PBANKA_100640|PbGEM-095750	CATTGAACGAT	13481.0	6538.0	1519.0	1462.5	21766.5	31314.0	840.0	786.0	1802.5	774.0	42701.5	30677.5	13777.5	29976.0	11087.0	11579.0	1547.5	1015.5	15618.5	18181.5	1330.0	849.0	1284.5	382.0	20648.5	36768.0	28634.0	64652.5
PBANKA_103780	PBANKA_103780|PbGEM-097822|PbGEM-097830	ACACGACAAGC	14417.0	7237.5	7648.0	5243.5	16661.0	19443.5	5842.0	6536.0	4381.0	2224.0	24774.0	20114.0	10325.0	21504.0	11562.0	12748.5	8145.5	4025.0	12161.0	11044.0	7579.5	5747.5	3276.0	1318.5	13856.0	27010.0	21383.5	42822.5
PBANKA_091600	PBANKA_091600|PbGEM-093381|PbGEM-093389	AAAGCCGAGAC	13613.5	9049.0	4125.5	5388.5	1356.0	2407.5	628.0	560.5	525.0	812.5	10919.5	3716.5	1254.0	5277.5	12203.0	12587.5	4221.5	4060.5	1079.5	1331.0	797.5	434.5	349.5	459.5	5049.5	4258.0	1993.5	10628.0
PBANKA_061140	PBANKA_061140|PbGEM-018598	AGAACATACTG	11750.0	5725.0	514.0	1105.5	26.0	154.0	143.0	42.0	366.0	99.0	326.5	54.5	9.0	87.5	9938.5	9287.0	549.5	838.5	16.0	119.0	240.5	112.5	133.0	103.0	154.5	4.5	3.5	418.5
PBANKA_093290	PBANKA_093290|PbGEM-032706|PbGEM-645629|PbGEM-645697	TTCGGGATACG	12863.0	6670.0	41.0	35.0	20596.5	25813.5	14.0	28.5	34.5	52.0	26116.5	15167.5	13070.5	15600.0	10082.0	11084.0	30.5	12.0	14437.5	14304.0	54.5	15.0	15.5	34.5	16148.5	20004.0	26172.5	32551.5
PBANKA_102340	PBANKA_102340|PbGEM-096918|PbGEM-645646|PbGEM-645704	CCGGGTGCCTC	14297.5	8408.0	3730.5	4442.0	3553.0	4736.5	1012.0	1131.0	759.5	1002.0	3539.0	1962.0	1925.5	2746.5	11676.0	13030.0	3823.5	3719.0	2323.0	2599.0	885.0	655.5	653.0	388.5	1208.0	2925.5	3357.0	6196.5
PBANKA_071220	PBANKA_071220|PbGEM-235245	CTCTTAATAGG	15022.0	11366.0	3195.5	7263.5	10886.5	7495.0	1292.5	1345.5	8447.5	11041.0	16304.0	10323.0	4502.0	8553.0	12131.0	19296.5	3374.5	5217.0	7780.5	4299.0	1393.0	832.0	6110.0	9277.0	8205.0	12449.5	8407.0	16006.5
PBANKA_134250	PBANKA_134250|PbGEM-253484|PbGEM-058956	TTATCGCCTCC	15266.0	9551.0	2725.5	1381.5	9.0	9.5	2874.5	3674.0	2709.5	504.0	8.0	5.5	62.5	5.5	11934.0	15217.0	2625.5	1110.5	4.0	8.0	3912.5	4106.0	1673.5	763.0	7.0	8.0	173.5	15.0
PBANKA_134650	PBANKA_134650|PbGEM-264324	GTTATGCCTCT	13268.5	7122.5	3329.5	3339.0	18589.5	27567.0	4421.0	5651.0	6077.0	7012.5	23359.5	16155.5	11592.5	16746.5	10998.5	11083.0	3202.5	2539.0	12480.0	16063.0	5995.5	4962.0	3458.0	4294.5	11298.0	23860.5	18210.5	37855.5
PBANKA_030820	PBANKA_030820|PbGEM-270259|PbGEM-270251|PbGEM-646928	GTTAGCATGCA	9298.5	7237.0	6010.5	6295.0	6284.0	9325.0	5512.5	5213.5	2306.0	3705.0	4623.5	4298.5	3332.5	2836.0	7537.5	11559.0	6159.0	5226.0	4426.5	5248.5	8312.5	5695.0	1665.0	2020.0	2741.0	5965.5	6992.0	5479.5
PBANKA_145030	PBANKA_145030|PbGEM-324795	TCTGTCTGTGC	8437.5	6603.0	652.0	858.5	2147.5	1791.5	468.0	497.0	728.0	665.5	2005.5	2792.0	644.5	1949.5	7551.0	10175.0	604.0	718.0	1325.0	1216.0	326.0	383.0	620.0	262.5	1238.0	4461.5	1402.5	3940.5
PBANKA_031270	PBANKA_031270|PbGEM-229846	GCCAGATGTAT	9676.0	5750.5	3651.5	2569.0	26445.5	19732.5	1.0	13.5	13.0	17.0	9.0	12.5	4.5	10.0	8013.5	8840.5	3624.5	2102.5	18098.5	11206.0	17.0	11.5	8.0	6.5	6.0	11.0	6.5	79.5
PBANKA_041470	PBANKA_041470|PbGEM-230718	GCTGACATGAG	11733.0	8042.5	197.5	736.5	9.5	28.0	25.5	463.0	179.0	548.5	1.5	7.0	3.5	3.0	9315.5	13420.0	224.0	607.5	13.0	12.0	41.0	561.0	135.0	313.5	3.0	4.5	1.0	8.0
PBANKA_110150	PBANKA_110150|PbGEM-334667|PbGEM-297877	GTACCAGTCGA	14567.0	8037.0	10614.5	12300.0	16368.0	12846.0	12.0	7.5	13.0	32.5	14.0	7.5	3.0	10.0	11612.5	13162.0	10847.0	9855.0	11320.0	7248.0	19.5	12.0	11.0	13.0	5.0	15.0	11.0	12.0
PBANKA_136370	PBANKA_136370|PbGEM-226413	ATCGACGGCTT	10585.0	5912.5	9214.5	11829.5	10878.5	19339.5	204.0	125.5	179.5	221.0	19300.0	13291.5	10247.0	10631.0	8867.0	9600.5	8898.5	9738.5	7405.0	11934.0	235.5	160.0	192.0	153.0	9743.0	16431.5	16451.0	23836.0
PBANKA_061670	PBANKA_061670|PbGEM-072498	TCTCGGTTAT	9476.5	7030.0	4157.0	5835.5	7496.0	15610.0	6240.5	6273.5	4961.0	4916.5	15767.0	14151.5	6567.5	10135.0	8778.0	10263.0	4258.0	4295.5	4773.0	9075.5	8063.5	6131.5	4240.0	3699.0	7537.0	16655.5	13041.5	21066.0
